000000001
101000001
000001001
100110001
000000010
101000010
000001010
100110010
000000011
101000011
000001101
100110011
000000100
101000100
000001110
100110100
000000000
100110001
000001011
100110001
000001100
100110001
000001111
100110001
000010000
100110001
000010001
100110001
000010010
100110001
000010011
100110001
000010100
100110001
000000000
100111011
000001101
100110101
000001110
100110110
010000000
100110001
000000000
100010101
101100000
101110000
111000001
1011011100
101110000
000000000
100010110
111000001
1011011100
101110000
000000000
100010101
100111100
000000000
100010110
100111101
010001100
100111111
101010000
000001001
101000001
000001010
101000010
000000000
100010010
100011101
100110011
000000000
100011001
100010001
100011100
100110100
000001011
111100011
000001100
111100100
000000000
100010001
100111100
000000000
100010010
100111101
011001000
100111111
101010000
011001110
100111111
101010000
000001101
100110001
000001110
100110010
000000000
100010010
100011101
100110011
000000000
100010000
100010001
100011100
100110100
000001111
111100011
000010000
111100100
000000000
110100001
100010001
100011011
100110001
000000000
100010001
100100111
100110010
111010000
101110000
000000000
100110011
000000001
110000010
100110001
000000000
100110011
101010000
000000001
110000010
100110011
000000000
100110001
000010001
101000101
000010010
101000110
000000000
100010011
100010110
100110011
000000000
100011001
100010101
100010001
100110001
000010011
111100001
000010100
111100011
101010000
000000000
100010101
100111100
000000000
100010110
100111101
0101100000
100111111
101010000
0101100110
100111111
101010000
000001001
100110001
000001010
100110010
000000000
100010010
100011101
100110100
000001001
111100100
000000000
100011100
100010001
100011001
100110011
000001010
111100011
000000000
100010001
100111100
000000000
100010010
100111101
101010000
000001101
100110001
000001110
100110010
000000000
100010010
100011101
100110011
000001111
111100011
000000000
100010001
100011100
100010000
100110100
000010000
111100100
000000000
110100001
100010001
100011011
100110001
000000000
100010001
100100111
100110010
111010000
101110000
000000000
100110011
000000001
110000010
100110001
000000000
100110011
101010000
000000001
110000010
100110011
000000000
100110001
000000000
100010001
100111100
000000000
100010011
100111101
101010000
000010001
101000001
000010010
101000010
000000000
100010010
100011101
100110011
000010011
111100011
000000000
100010001
100011101
100011001
100110100
000010100
111100100
000001011
101000001
000001100
101000010
000001001
111100001
000001010
111100010
000001111
101000001
000010000
101000010
000001101
111100001
000001110
111100010
000010011
101000001
000010100
101000010
000010001
111100001
000010010
111100010
000000001
100110001
000000000
100011011
100010001
111011100
101110000
000001001
100110001
000000101
111100001
000001010
100110010
000000110
111100010
000010001
100110001
000000111
111100001
000010010
100110010
000001000
111100010
