010000000
101000010
101001010
010000001
101000001
101001001
010000010
101000011
101000100
011111111
100111111
000000000
101110000
000000000
100010010
110010111
100111101
000001000
100111111
000000001
101101101
101110000
000011010
100111111
000000001
100110101
000000000
110100010
100111010
110100001
100111101
000000001
100011101
100111001
000000000
100010011
110010111
100111101
000001100
100111111
000000001
101101101
101110000
000101010
100111111
000000001
100110110
000000000
110100011
100111101
000000001
100011101
100110100
011110110
100111111
000000000
100110001
000010000
101100001
101110000
000000000
100011100
110000001
100111100
000000000
100011011
110010111
110111100
100111100
000000000
100011011
110000001
100111011
000001000
111010001
101110000
000000000
100010001
100110010
000000000
100011001
100111110
000000000
101100010
101110000
000000000
100011110
110000001
100111110
000000000
100010010
100110010
011101000
100111111
000000000
100011010
100111110
000000000
100010001
100110010
000011010
100111111
000000000
101100010
101110000
000000000
100011110
110000001
100111110
000000000
100010010
100110010
000011000
100111111
000000000
101001110
110010111
110111011
100111011
001000100
100111111
000000000
101101100
101110000
000011000
100111111
000000000
100010100
111011011
101110000
000000000
100010100
100101011
100110010
000111000
100111111
000000000
101110000
000000000
100010100
100101011
100111011
110101011
100111011
000000001
100011011
100111011
000000000
100011100
100111100
000011110
100111111
000111010
100111111
000000000
100010100
111011011
101110000
100011011
100100100
100111011
000000000
100011000
110000001
100111000
000000000
100010111
110010111
100011000
100111000
000000000
100010111
110010001
110000001
100110111
000000001
100010111
100110111
000100110
100111111
000000000
100011000
110000001
100111000
000000000
100010111
110010111
100011000
100111000
000000000
100010111
110010001
110000001
100110111
000000001
100010001
100110001
000110000
100111111
000000110
100111111
000000000
100010110
101100101
101110000
100000000
110101000
100111000
110100111
100111101
000000001
100011101
100110111
