000000000
100110001
000001001
101000010
000000000
100010010
110000100
110010100
100110010
000100000
100110011
000000000
100010011
101000100
000000000
100010011
100111100
000000000
100110101
000000101
101100101
100111001
001110110
100111010
000000000
100011001
101110000
000000000
100110110
000000000
100010100
100111000
000000000
100010101
101100110
100111001
000010110
100111010
000000000
100011001
101110000
000000000
100011000
110000001
100111000
000000001
100010110
100110110
011011010
100111011
101010000
000000000
100011000
110010100
101100010
100111001
000000100
100111010
000000001
100010101
100110101
000000000
100011001
101110000
000001100
100111011
101010000
000000001
100010001
100110001
011111111
101100001
100111001
000100100
100111010
000000000
100011001
101110000
010000100
100111011
101010000
000000001
100010011
100110011
001100000
101100011
100111001
000001000
100111010
000000000
100011001
101110000
001011110
100111011
101010000
000001010
111100001
