000000000
100111110
000000100
100111000
000001001
101000001
000000000
100010001
110001000
110011000
100110001
000011111
100110110
000000001
100010110
100110110
001100000
101100110
001011111
101110000
000000000
100010110
101000011
000000001
100010110
101000100
000000000
100110101
000000101
100110111
000000000
100010101
101100111
000101011
101110000
000000110
100110111
000000000
100010101
101100111
000100100
101110000
000000111
100110111
000000000
100010101
101100111
000011101
101110000
000000100
100111000
000000000
100010011
110000101
110011000
101100001
000000000
100011110
100011111
100111110
011111111
100110111
000000000
100011110
101100111
000110000
101110000
000001000
100110111
000000001
100010101
100110101
101100111
011000011
101110000
011010000
101010000
000000100
100111000
000000000
100010011
110000101
110011000
100110010
000001100
100100101
100111001
000000000
100010100
110011001
110110010
100110010
101100001
000000000
100011110
100011111
100111110
011111111
100110111
000000000
100011110
101100111
000001011
101110000
000001000
100110111
000000001
100010101
100110101
101100111
010011110
101110000
010101011
101010000
000001010
111101110
100000000
