010000000
101000011
010000001
101000100
010000010
101000101
000000111
100110001
000000000
100010011
110010001
100110001
000000001
101100001
000000101
101110000
000000000
100111010
000000110
101010000
000000001
100111010
000000001
100010100
100110100
000000111
100110001
000000000
100010101
110010001
100110001
000000001
101100001
000000111
101110000
000000000
100111011
000001001
101010000
000000001
100111011
000000001
100010101
100110101
000000000
100110001
000010000
101100001
000110000
101110000
000000001
100110010
000000000
100011000
100111000
000000111
100111100
000000000
100011001
110011100
100011000
100111000
000000000
100011001
110000010
100111001
000001111
100100001
100110010
000001000
111010010
000010010
101110000
000001111
100100010
100110010
000000111
100111100
000000000
100010011
110000010
110011100
100011001
100111001
000010110
101010000
000000111
100100010
100110010
000000111
100111100
000001001
101010000
001100010
101010000
011010001
101010000
000000000
100010100
110000010
110011100
100011001
100111001
000000000
100010101
111011001
000011101
101110000
000000000
100110010
111011000
000110000
101110000
000000001
100110010
000000000
100010110
110000010
100110110
000000111
100111100
000000000
100010111
110011100
100010110
100110110
000000000
100010111
110000010
100110111
000111010
101010000
000000000
100011001
100100101
100111001
000000001
100110010
000000000
100010110
110000010
100110110
000000111
100111100
000000000
100010111
110011100
100010110
100110110
000000000
100010111
110000010
100010010
100110111
000100001
101010000
000000000
100010101
100101001
100111001
000000001
100110010
000000000
100011000
100100010
100111000
000000001
100110010
000000000
100010110
110000010
100110110
000000111
100111100
000000000
100010111
110011100
100010110
100110110
000000000
100010111
110000010
100010010
100110111
000000000
100010001
100010001
100110001
010100001
101010000
000000000
000000000
001111110
111100110
001111111
111100111
100000000
